10
100011000000000000000000010000000000000001000
100011000000000000000000010000000000000001000
100011000000000000000000010000000000000001000
100011000000000000000000010000000000000001000
100011000000000000000000010000000000000001000
100011000000000000000000010000000000000001000
100011000000000000000000010000000000000001000
100011000000000000000000010000000000000001000
100011000000000000000000010000000000000001000
100011000000000000000000010000000000000001000
100011000000000000000000010000000000000001000
100011000000000000000000010000000000000001000
100011000000000000000000010000000000000001000
100011000000000000000000010000000000000001000
100011000000000000000000010000000000000001000
100011000000000000000000010000000000000001000
100011000000000000000000010000000000000001000
100011000000000000000000010000000000000001000
100011000000000000000000010000000000000001000
100011000000000000000000010000000000000001000
100011000000000000000000010000000000000001000
100011000000000000000000010000000000000001000
100011000000000000000000010000000000000001000
100011000000000000000000010000000000000001000
100011000000000000000000010000000000000001000
100011000000000000000000010000000000000001000
100011000000000000000000010000000000000001000
100011000000000000000000010000000000000001000
100011000000000000000000010000000000000001000
100011000000000000000000010000000000000001000
100011000000000000000000010000000000000001000
100011000000000000000000010000000000000001000
100011000000000000000000010000000000000001000
100011000000000000000000010000000000000001000
100011000000000000000000010000000000000001000
100011000000000000000000010000000000000001000
100011000000000000000000010000000000000001000
100011000000000000000000010000000000000001000
100011000000000000000000010000000000000001000
100011000000000000000000010000000000000001000
100011000000000000000000010000000000000001000
100011000000000000000000010000000000000001000
100011000000000000000000010000000000000001000
100011000000000000000000010000000000000001000
100011000000000000000000010000000000000001000
100011000000000000000000010000000000000001000
100011000000000000000000010000000000000001000
19
32
27
43
39
24
4
30
19
32
42
35
12
2
34
15
29
35
46
17
11
46
33
35
30
3
29
41
12
20
36
22
11
12
16
7
22
42
42
2
42
23
24
14
46
23
12
4
44
3
23
18
13
42
24
21
44
2
35
36
38
5
0
32
40
29
34
34
46
41
10
14
16
24
27
39
19
39
12
19
25
21
13
8
7
26
37
1
25
23
44
35
26
41
29
39
7
9
33
6
